it nWin nCatch RMSerror.start RMSerror.antic RMSerror.win RMSerror.nowin GLT.w-n GLT.a-w GLT.a-n GLT.a-w-n
1 27 5 0.10030 0.11170 0.14470 0.10710 0.14430 0.19350 0.16290 0.25120
2 27 5 0.10390 0.11370 0.15020 0.10940 0.14420 0.20180 0.17340 0.26760
3 27 5 0.09780 0.11390 0.14350 0.10480 0.14600 0.18450 0.15340 0.23420
4 27 5 0.10880 0.11800 0.15000 0.11170 0.14690 0.20990 0.18520 0.27890
5 27 5 0.10220 0.11270 0.14950 0.10790 0.14710 0.19990 0.16990 0.26170
6 27 5 0.09870 0.11090 0.14700 0.10230 0.14330 0.18970 0.15870 0.24580
7 27 5 0.09890 0.11070 0.14610 0.10680 0.14670 0.19070 0.16190 0.24810
8 27 5 0.10130 0.11090 0.14820 0.10760 0.14840 0.19580 0.16270 0.25300
9 27 5 0.10080 0.11160 0.14900 0.10560 0.14470 0.19300 0.16470 0.25370
10 27 5 0.09920 0.11050 0.14690 0.10470 0.14720 0.19030 0.16130 0.24680
11 27 5 0.09800 0.11100 0.14990 0.10720 0.14770 0.19090 0.16160 0.24980
12 27 5 0.09920 0.11040 0.14730 0.10600 0.14570 0.19120 0.16330 0.25050
13 27 5 0.10190 0.11110 0.14590 0.10740 0.14690 0.19780 0.16500 0.25540
14 27 5 0.09970 0.11030 0.14910 0.10550 0.14420 0.19610 0.16660 0.25810
15 27 5 0.10200 0.11130 0.14840 0.10800 0.14540 0.19220 0.16490 0.25350
16 27 5 0.10590 0.11790 0.15210 0.10670 0.14910 0.20840 0.18030 0.27260
17 27 5 0.09980 0.11130 0.14810 0.10460 0.14740 0.18800 0.15880 0.24360
18 27 5 0.10110 0.11130 0.14540 0.10560 0.14420 0.19340 0.16300 0.25110
19 27 5 0.10050 0.11220 0.14730 0.10910 0.15130 0.19620 0.16470 0.25240
20 27 5 0.10610 0.11570 0.15480 0.10920 0.14840 0.21120 0.17880 0.27750
21 27 5 0.10310 0.11430 0.14900 0.10770 0.14570 0.19960 0.17050 0.26160
22 27 5 0.09920 0.11160 0.14700 0.10630 0.14810 0.19220 0.16150 0.24800
23 27 5 0.10150 0.11400 0.14780 0.10480 0.14600 0.19650 0.16640 0.25450
24 27 5 0.10160 0.11170 0.14840 0.10420 0.14660 0.19220 0.16430 0.25070
25 27 5 0.09870 0.11080 0.14770 0.10600 0.14710 0.19000 0.16060 0.24710
26 27 5 0.10720 0.11510 0.15050 0.11100 0.14520 0.20350 0.17520 0.26980
27 27 5 0.10020 0.11340 0.14610 0.10620 0.14760 0.19280 0.16350 0.24880
28 27 5 0.10240 0.11290 0.14990 0.10590 0.14970 0.19860 0.16750 0.25690
29 27 5 0.10420 0.11410 0.15140 0.10860 0.14620 0.19360 0.16480 0.25490
30 27 5 0.10710 0.11500 0.15120 0.11320 0.14910 0.20680 0.18180 0.27580
31 27 5 0.09960 0.11200 0.14700 0.10580 0.14550 0.18880 0.15770 0.24420
32 27 5 0.10430 0.11290 0.15090 0.10610 0.14660 0.20000 0.16950 0.26170
33 27 5 0.10730 0.11460 0.15030 0.11000 0.14490 0.20510 0.17730 0.27210
34 27 5 0.09900 0.11170 0.14700 0.10560 0.14960 0.19480 0.16420 0.25060
35 27 5 0.10170 0.11100 0.14940 0.10680 0.14680 0.19360 0.16610 0.25480
36 27 5 0.10060 0.11140 0.14770 0.10550 0.14600 0.19800 0.16690 0.25750
37 27 5 0.10230 0.11330 0.14670 0.10680 0.14550 0.19740 0.16580 0.25580
38 27 5 0.09960 0.11000 0.14610 0.10530 0.14390 0.19260 0.16300 0.25150
39 27 5 0.10300 0.11320 0.14870 0.10940 0.14640 0.20000 0.17130 0.26300
40 27 5 0.10200 0.11210 0.15040 0.10820 0.14720 0.20010 0.16960 0.26250
41 27 5 0.10560 0.11550 0.15420 0.10920 0.14590 0.20910 0.17840 0.27680
42 27 5 0.10060 0.11160 0.14880 0.10810 0.14700 0.18940 0.16040 0.24780
43 27 5 0.09960 0.11050 0.14760 0.10530 0.14610 0.19030 0.16000 0.24730
44 27 5 0.10100 0.11280 0.14990 0.10570 0.14680 0.19680 0.16930 0.25840
45 27 5 0.10040 0.11220 0.14450 0.10830 0.14690 0.19590 0.17000 0.25630
46 27 5 0.10320 0.11230 0.15050 0.10920 0.14810 0.19840 0.16830 0.26030
47 27 5 0.10440 0.11320 0.14950 0.10830 0.14340 0.20000 0.17200 0.26520
48 27 5 0.10470 0.11540 0.15150 0.10860 0.15130 0.20520 0.17570 0.26740
49 27 5 0.10210 0.11290 0.14970 0.11130 0.15000 0.19970 0.17180 0.26260
50 27 5 0.10380 0.11360 0.15310 0.10850 0.15090 0.20370 0.17110 0.26510
1 27 10 0.09880 0.10870 0.14930 0.10630 0.14560 0.18540 0.15580 0.24340
2 27 10 0.09790 0.11040 0.14790 0.10380 0.14650 0.19270 0.16010 0.24860
3 27 10 0.09810 0.11100 0.14540 0.10420 0.14500 0.18670 0.15730 0.24140
4 27 10 0.09930 0.10930 0.14420 0.10700 0.14660 0.18940 0.16400 0.24820
5 27 10 0.10010 0.11040 0.14900 0.10610 0.14530 0.19500 0.16630 0.25660
6 27 10 0.09950 0.10970 0.15100 0.10590 0.14820 0.19490 0.16390 0.25470
7 27 10 0.10050 0.11070 0.14680 0.10510 0.14520 0.19660 0.16610 0.25590
8 27 10 0.09860 0.11090 0.14380 0.10450 0.14570 0.18790 0.15940 0.24260
9 27 10 0.09800 0.11080 0.14770 0.10580 0.14580 0.18850 0.16070 0.24660
10 27 10 0.10030 0.11280 0.14740 0.10660 0.14630 0.19690 0.17020 0.25820
11 27 10 0.10150 0.11220 0.14880 0.10600 0.14680 0.19770 0.16750 0.25760
12 27 10 0.10440 0.11290 0.15030 0.10920 0.14630 0.19750 0.17250 0.26290
13 27 10 0.09470 0.10860 0.14720 0.10300 0.14600 0.18620 0.15280 0.23910
14 27 10 0.09990 0.10960 0.14620 0.10330 0.14640 0.19020 0.15800 0.24440
15 27 10 0.10150 0.11180 0.14820 0.10730 0.14690 0.19780 0.16780 0.25810
16 27 10 0.09930 0.10930 0.14970 0.10580 0.15070 0.18900 0.16000 0.24550
17 27 10 0.09980 0.11050 0.14740 0.10630 0.14590 0.19000 0.16090 0.24800
18 27 10 0.09820 0.11070 0.14600 0.10480 0.14500 0.19070 0.16150 0.24790
19 27 10 0.10180 0.11170 0.14960 0.10760 0.14740 0.19810 0.16600 0.25790
20 27 10 0.09900 0.10680 0.14850 0.10730 0.14730 0.18770 0.15880 0.24680
21 27 10 0.10190 0.11010 0.15070 0.10850 0.14340 0.19020 0.16210 0.25350
22 27 10 0.09880 0.10940 0.14830 0.10450 0.14560 0.19140 0.15780 0.24750
23 27 10 0.10350 0.11090 0.15040 0.10950 0.14490 0.19820 0.16880 0.26290
24 27 10 0.10020 0.11150 0.14600 0.10670 0.14310 0.19180 0.16460 0.25240
25 27 10 0.09850 0.11000 0.14730 0.10740 0.14810 0.19060 0.16330 0.24930
26 27 10 0.10500 0.11510 0.14930 0.10920 0.14510 0.20420 0.17720 0.27020
27 27 10 0.09880 0.10990 0.14830 0.10440 0.14650 0.19040 0.15840 0.24630
28 27 10 0.09890 0.11100 0.14870 0.10490 0.14460 0.19390 0.16550 0.25470
29 27 10 0.09910 0.10990 0.14730 0.10480 0.14400 0.19100 0.16390 0.25140
30 27 10 0.10310 0.11320 0.14620 0.10770 0.14300 0.19640 0.16980 0.25900
31 27 10 0.10010 0.11090 0.15010 0.10840 0.15050 0.19430 0.16650 0.25460
32 27 10 0.09720 0.10950 0.14320 0.10350 0.14180 0.18280 0.15350 0.23680
33 27 10 0.09970 0.11040 0.14680 0.10710 0.14400 0.18850 0.16100 0.24810
34 27 10 0.09790 0.10940 0.14870 0.10400 0.14530 0.19150 0.15760 0.24780
35 27 10 0.10050 0.10940 0.14690 0.10760 0.14580 0.18650 0.15960 0.24530
36 27 10 0.10550 0.11250 0.15390 0.11010 0.14700 0.20470 0.17410 0.27160
37 27 10 0.10120 0.11090 0.14540 0.10730 0.14470 0.19500 0.16710 0.25570
38 27 10 0.09790 0.11100 0.14670 0.10330 0.14550 0.18500 0.15680 0.23980
39 27 10 0.10290 0.11160 0.14750 0.10530 0.14790 0.19300 0.16290 0.24970
40 27 10 0.09730 0.10900 0.14420 0.10480 0.14290 0.18670 0.15700 0.24290
41 27 10 0.10230 0.11200 0.15180 0.10700 0.14720 0.19800 0.16400 0.25770
42 27 10 0.09750 0.10930 0.14540 0.10600 0.14480 0.18690 0.15960 0.24470
43 27 10 0.09680 0.11110 0.14990 0.10470 0.14560 0.18510 0.15440 0.24080
44 27 10 0.10300 0.11210 0.14670 0.10630 0.14500 0.19690 0.16800 0.25740
45 27 10 0.10030 0.11100 0.14820 0.10550 0.14320 0.19430 0.16520 0.25550
46 27 10 0.10380 0.11190 0.14810 0.10870 0.14610 0.19420 0.16510 0.25460
47 27 10 0.10410 0.11210 0.15010 0.10730 0.14870 0.19720 0.16970 0.25900
48 27 10 0.09910 0.11020 0.14860 0.10820 0.14780 0.18850 0.15900 0.24620
49 27 10 0.09950 0.10960 0.14730 0.10740 0.14710 0.19170 0.15880 0.24810
50 27 10 0.10100 0.11190 0.14910 0.10460 0.14580 0.19390 0.16220 0.25160
1 27 15 0.10630 0.11430 0.14830 0.10880 0.14360 0.20070 0.17450 0.26620
2 27 15 0.10190 0.11140 0.14790 0.10480 0.14360 0.19360 0.16600 0.25470
3 27 15 0.10780 0.11290 0.15030 0.11340 0.14790 0.19800 0.17100 0.26320
4 27 15 0.09730 0.10840 0.14880 0.10530 0.14440 0.19170 0.16060 0.25140
5 27 15 0.10080 0.10970 0.14590 0.10560 0.14530 0.19270 0.16520 0.25240
6 27 15 0.10400 0.11100 0.14990 0.10810 0.14380 0.20080 0.16910 0.26470
7 27 15 0.09890 0.11270 0.14540 0.10360 0.14580 0.19170 0.16130 0.24640
8 27 15 0.09400 0.10920 0.14730 0.10380 0.14490 0.18300 0.15510 0.23890
9 27 15 0.09780 0.10990 0.14790 0.10340 0.14800 0.19110 0.15960 0.24610
10 27 15 0.09930 0.10820 0.14950 0.10820 0.15080 0.19640 0.16230 0.25400
11 27 15 0.09880 0.10950 0.14870 0.10550 0.14660 0.18950 0.15890 0.24680
12 27 15 0.10160 0.11120 0.14730 0.10570 0.14420 0.19280 0.16520 0.25340
13 27 15 0.10030 0.11040 0.14830 0.10500 0.14550 0.19030 0.16090 0.24850
14 27 15 0.09780 0.10890 0.14930 0.10600 0.14710 0.18800 0.15680 0.24500
15 27 15 0.09740 0.11030 0.14550 0.10630 0.14190 0.19060 0.16310 0.25120
16 27 15 0.09670 0.10870 0.14420 0.10340 0.14620 0.18690 0.15640 0.24010
17 27 15 0.10530 0.11340 0.14940 0.10780 0.14720 0.20060 0.17250 0.26340
18 27 15 0.09830 0.11100 0.14590 0.10780 0.14800 0.18880 0.15720 0.24300
19 27 15 0.10000 0.10990 0.14630 0.10760 0.14700 0.19210 0.16300 0.25050
20 27 15 0.10560 0.11440 0.14780 0.10660 0.14540 0.20230 0.17400 0.26500
21 27 15 0.09770 0.11050 0.15010 0.10660 0.14760 0.19200 0.15710 0.24780
22 27 15 0.10120 0.11100 0.14870 0.10740 0.15060 0.19370 0.16520 0.25190
23 27 15 0.09840 0.11260 0.14950 0.10590 0.14770 0.19010 0.16010 0.24670
24 27 15 0.10370 0.11160 0.15280 0.10670 0.15150 0.19890 0.16610 0.25780
25 27 15 0.10010 0.10800 0.15450 0.10670 0.14980 0.19000 0.15750 0.24920
26 27 15 0.10050 0.11000 0.14820 0.10680 0.14800 0.19360 0.16560 0.25350
27 27 15 0.09940 0.10880 0.15400 0.10660 0.14810 0.19190 0.15840 0.25150
28 27 15 0.10590 0.11370 0.14920 0.10690 0.14470 0.20210 0.17200 0.26510
29 27 15 0.10320 0.11200 0.15220 0.10820 0.14860 0.20230 0.16990 0.26470
30 27 15 0.10350 0.11100 0.14710 0.10840 0.14690 0.19700 0.17070 0.25970
31 27 15 0.09620 0.11080 0.14750 0.10650 0.14820 0.18440 0.15050 0.23560
32 27 15 0.10030 0.11020 0.15230 0.10620 0.15200 0.19210 0.16130 0.24930
33 27 15 0.10600 0.11390 0.15060 0.11470 0.14660 0.19550 0.16810 0.26050
34 27 15 0.10250 0.10880 0.15160 0.10720 0.14790 0.19120 0.16180 0.25200
35 27 15 0.10360 0.11240 0.14580 0.10650 0.14560 0.19560 0.16950 0.25640
36 27 15 0.10600 0.11310 0.14990 0.10670 0.14840 0.19550 0.16680 0.25510
37 27 15 0.10450 0.11040 0.15020 0.10810 0.14550 0.19170 0.16180 0.25270
38 27 15 0.09640 0.10970 0.14560 0.10710 0.14480 0.18250 0.15400 0.23820
39 27 15 0.10030 0.10990 0.15020 0.10830 0.14680 0.19230 0.15990 0.25130
40 27 15 0.09840 0.10840 0.14820 0.10810 0.15030 0.19120 0.15830 0.24690
41 27 15 0.10050 0.11020 0.14750 0.10700 0.14760 0.19020 0.15870 0.24630
42 27 15 0.09800 0.11000 0.14570 0.10350 0.14670 0.18850 0.15810 0.24260
43 27 15 0.09660 0.10790 0.14830 0.10760 0.14530 0.18690 0.15740 0.24600
44 27 15 0.09750 0.11070 0.14970 0.10410 0.14780 0.19010 0.15740 0.24510
45 27 15 0.09640 0.10880 0.14780 0.10430 0.14670 0.19040 0.16000 0.24750
46 27 15 0.09630 0.11060 0.14400 0.10360 0.14600 0.18920 0.15730 0.24180
47 27 15 0.09570 0.10970 0.14760 0.10460 0.14700 0.18720 0.15360 0.24020
48 27 15 0.10000 0.11090 0.15170 0.10600 0.14650 0.19640 0.16380 0.25670
49 27 15 0.10400 0.11320 0.14920 0.10760 0.14800 0.19880 0.17050 0.26010
50 27 15 0.10090 0.11040 0.14800 0.10450 0.14530 0.19100 0.16200 0.24950
1 27 20 0.09930 0.11010 0.14520 0.10620 0.14540 0.18470 0.15910 0.24190
2 27 20 0.09880 0.10840 0.14700 0.10490 0.14400 0.18340 0.15210 0.23860
3 27 20 0.10060 0.10990 0.15070 0.10590 0.14870 0.19570 0.16310 0.25420
4 27 20 0.10060 0.10910 0.15140 0.10640 0.14860 0.19390 0.16020 0.25200
5 27 20 0.09770 0.11060 0.14860 0.10760 0.14790 0.18700 0.15440 0.24160
6 27 20 0.09820 0.10890 0.14610 0.10410 0.14650 0.18870 0.15860 0.24420
7 27 20 0.10060 0.10940 0.15150 0.10680 0.15060 0.18980 0.15670 0.24550
8 27 20 0.09980 0.11020 0.14680 0.10510 0.14520 0.19320 0.16480 0.25270
9 27 20 0.09780 0.10880 0.14710 0.10380 0.14700 0.18840 0.15770 0.24360
10 27 20 0.10040 0.11040 0.14150 0.10620 0.14200 0.19080 0.16420 0.24960
11 27 20 0.09610 0.10810 0.14800 0.10400 0.14330 0.18320 0.15380 0.24030
12 27 20 0.09850 0.10890 0.14610 0.10590 0.14710 0.18920 0.15960 0.24560
13 27 20 0.10210 0.11080 0.14800 0.10530 0.14890 0.19610 0.16630 0.25430
14 27 20 0.09990 0.11250 0.15100 0.10650 0.14740 0.19090 0.16070 0.24910
15 27 20 0.10100 0.11060 0.15030 0.10400 0.14750 0.19130 0.15970 0.24810
16 27 20 0.10100 0.10940 0.15120 0.10630 0.14960 0.19670 0.16210 0.25450
17 27 20 0.09990 0.10990 0.14620 0.10370 0.14600 0.18540 0.15610 0.23970
18 27 20 0.10110 0.11150 0.15100 0.10940 0.14940 0.19410 0.16210 0.25290
19 27 20 0.10060 0.10930 0.14990 0.10940 0.14680 0.19120 0.16300 0.25310
20 27 20 0.09670 0.10730 0.14540 0.10330 0.14700 0.18770 0.15690 0.24190
21 27 20 0.09940 0.10920 0.15020 0.10810 0.14770 0.19070 0.16170 0.25100
22 27 20 0.09510 0.11020 0.15000 0.10350 0.14800 0.18550 0.15320 0.23880
23 27 20 0.10460 0.11180 0.14640 0.10960 0.14690 0.19410 0.16830 0.25560
24 27 20 0.09640 0.10890 0.14720 0.10560 0.14630 0.18620 0.15400 0.24070
25 27 20 0.10120 0.11050 0.14930 0.10390 0.14600 0.19000 0.15730 0.24570
26 27 20 0.10000 0.10980 0.14830 0.10490 0.14370 0.18870 0.15810 0.24670
27 27 20 0.10200 0.11000 0.15040 0.10730 0.14720 0.19680 0.16610 0.25830
28 27 20 0.09990 0.11120 0.14780 0.10450 0.14700 0.19350 0.16410 0.25140
29 27 20 0.10080 0.10990 0.14870 0.10450 0.15010 0.19170 0.15640 0.24430
30 27 20 0.09970 0.10990 0.14920 0.10560 0.14710 0.19410 0.16020 0.25100
31 27 20 0.09960 0.10960 0.14770 0.10780 0.14900 0.19490 0.16580 0.25440
32 27 20 0.09900 0.10990 0.14760 0.10290 0.14700 0.19220 0.16110 0.24810
33 27 20 0.09880 0.10720 0.14720 0.10330 0.14560 0.18680 0.15480 0.24190
34 27 20 0.09980 0.10960 0.14770 0.10430 0.14640 0.18760 0.15970 0.24480
35 27 20 0.10180 0.10970 0.14780 0.10840 0.14470 0.19130 0.16410 0.25330
36 27 20 0.09710 0.11160 0.14780 0.10300 0.14800 0.18970 0.15200 0.23920
37 27 20 0.09830 0.10810 0.14570 0.10460 0.14620 0.18840 0.15900 0.24470
38 27 20 0.09870 0.10850 0.14370 0.10470 0.14180 0.18570 0.15910 0.24400
39 27 20 0.10070 0.10960 0.14960 0.10770 0.14580 0.19220 0.16080 0.25210
40 27 20 0.09950 0.11050 0.14670 0.10450 0.14460 0.19040 0.16240 0.24890
41 27 20 0.10230 0.11150 0.15020 0.10690 0.14820 0.19600 0.16640 0.25630
42 27 20 0.10300 0.11200 0.15090 0.10820 0.15030 0.19920 0.17040 0.26090
43 27 20 0.10000 0.10870 0.14790 0.10670 0.14450 0.19390 0.16380 0.25500
44 27 20 0.10360 0.11000 0.14900 0.11090 0.14520 0.19270 0.16610 0.25690
45 27 20 0.09790 0.10640 0.14540 0.10590 0.14530 0.18600 0.15630 0.24290
46 27 20 0.10200 0.10880 0.14830 0.10750 0.14690 0.18730 0.15850 0.24570
47 27 20 0.10130 0.11080 0.14810 0.10460 0.14530 0.19210 0.16180 0.25020
48 27 20 0.10390 0.11070 0.15150 0.10760 0.14590 0.20020 0.17020 0.26460
49 27 20 0.09920 0.10990 0.14620 0.10570 0.14720 0.18720 0.15520 0.24070
50 27 20 0.10430 0.11250 0.14860 0.10700 0.14400 0.19780 0.16820 0.26000
1 36 5 0.10540 0.11150 0.13530 0.11210 0.13250 0.18130 0.16730 0.24840
2 36 5 0.10280 0.11450 0.13690 0.10850 0.13610 0.19470 0.17300 0.25830
3 36 5 0.09930 0.11200 0.13240 0.10960 0.13410 0.17940 0.16200 0.23960
4 36 5 0.09870 0.11130 0.13530 0.10620 0.13730 0.17880 0.16020 0.23660
5 36 5 0.10280 0.11250 0.13690 0.11030 0.13750 0.18560 0.17080 0.25090
6 36 5 0.09950 0.11160 0.13280 0.11000 0.13030 0.18210 0.16720 0.24790
7 36 5 0.10100 0.11230 0.13390 0.10960 0.13710 0.18090 0.16140 0.23940
8 36 5 0.09860 0.11150 0.13280 0.11050 0.13700 0.18050 0.16340 0.24070
9 36 5 0.09980 0.11260 0.13390 0.10750 0.13540 0.18040 0.16480 0.24120
10 36 5 0.09760 0.11190 0.13000 0.10760 0.13290 0.18010 0.16440 0.24030
11 36 5 0.10120 0.11050 0.13150 0.10800 0.13160 0.18210 0.16670 0.24570
12 36 5 0.10350 0.11260 0.13560 0.11010 0.13450 0.19050 0.17370 0.25720
13 36 5 0.09980 0.11190 0.13230 0.10750 0.13330 0.18060 0.16490 0.24200
14 36 5 0.09890 0.11150 0.13320 0.10840 0.13370 0.18030 0.16350 0.24170
15 36 5 0.10260 0.11310 0.13450 0.10870 0.13280 0.19200 0.17510 0.25880
16 36 5 0.10460 0.11440 0.13410 0.10920 0.13300 0.19260 0.17680 0.25970
17 36 5 0.10290 0.11240 0.13720 0.11080 0.13300 0.18830 0.17220 0.25670
18 36 5 0.10260 0.11200 0.13310 0.10810 0.13400 0.18450 0.16780 0.24720
19 36 5 0.10110 0.11110 0.13680 0.10870 0.13440 0.18680 0.16680 0.25080
20 36 5 0.10190 0.11130 0.13430 0.11090 0.13490 0.18390 0.16570 0.24700
21 36 5 0.10180 0.11360 0.13450 0.11030 0.13670 0.19240 0.17540 0.25790
22 36 5 0.10190 0.11360 0.13660 0.10930 0.13680 0.18680 0.16870 0.24970
23 36 5 0.09750 0.11140 0.13300 0.10830 0.13410 0.18130 0.16310 0.24180
24 36 5 0.09860 0.11140 0.13570 0.10810 0.14120 0.18290 0.16360 0.24070
25 36 5 0.09910 0.10990 0.13550 0.10720 0.13810 0.18110 0.16040 0.23930
26 36 5 0.09920 0.11180 0.13490 0.10790 0.13600 0.17920 0.16070 0.23830
27 36 5 0.10060 0.11100 0.13100 0.11030 0.13450 0.18000 0.16700 0.24340
28 36 5 0.09900 0.11180 0.13290 0.10770 0.13340 0.17840 0.16330 0.23970
29 36 5 0.10020 0.11100 0.13270 0.10960 0.13270 0.18300 0.16800 0.24780
30 36 5 0.10080 0.11110 0.13530 0.10740 0.13610 0.18120 0.16340 0.24190
31 36 5 0.10120 0.11010 0.13310 0.11050 0.13430 0.18530 0.16600 0.24840
32 36 5 0.09920 0.11100 0.13290 0.10910 0.13580 0.17990 0.16320 0.24040
33 36 5 0.10060 0.11170 0.13270 0.11060 0.13410 0.18180 0.16600 0.24500
34 36 5 0.10520 0.11500 0.13620 0.11290 0.13450 0.19520 0.17890 0.26470
35 36 5 0.10260 0.11420 0.13590 0.11170 0.13270 0.19060 0.17100 0.25660
36 36 5 0.09750 0.10940 0.13150 0.11110 0.13590 0.17890 0.16640 0.24270
37 36 5 0.09990 0.11140 0.13550 0.10780 0.13690 0.18260 0.16740 0.24540
38 36 5 0.09740 0.10970 0.13120 0.10670 0.13360 0.17840 0.16340 0.23930
39 36 5 0.10060 0.11350 0.13660 0.10840 0.13400 0.17640 0.16000 0.23720
40 36 5 0.09870 0.11040 0.13540 0.11040 0.14450 0.18230 0.16320 0.23940
41 36 5 0.09540 0.11100 0.13580 0.10860 0.14020 0.17840 0.15700 0.23400
42 36 5 0.10210 0.11120 0.13480 0.10800 0.13290 0.18260 0.16690 0.24700
43 36 5 0.09850 0.11070 0.13480 0.10980 0.13790 0.18150 0.16660 0.24420
44 36 5 0.09670 0.11120 0.13360 0.10680 0.13500 0.17770 0.15950 0.23590
45 36 5 0.09840 0.11070 0.13040 0.10720 0.13210 0.17950 0.16270 0.23980
46 36 5 0.10160 0.11220 0.13200 0.10830 0.13350 0.18600 0.16840 0.24840
47 36 5 0.09800 0.11120 0.13190 0.10690 0.13710 0.17340 0.15700 0.22890
48 36 5 0.10160 0.11340 0.13370 0.10740 0.13740 0.18520 0.16600 0.24390
49 36 5 0.10080 0.11290 0.13220 0.10890 0.13660 0.19010 0.17210 0.25240
50 36 5 0.09900 0.11070 0.13200 0.10830 0.13530 0.18210 0.16350 0.24190
1 36 10 0.10250 0.11060 0.13290 0.10920 0.13620 0.18370 0.16600 0.24520
2 36 10 0.09960 0.11040 0.13420 0.11090 0.13640 0.18050 0.16270 0.24200
3 36 10 0.10000 0.11010 0.13310 0.10820 0.13170 0.17780 0.16180 0.24030
4 36 10 0.10230 0.11070 0.13440 0.10930 0.13120 0.18580 0.16850 0.25200
5 36 10 0.09560 0.11170 0.13260 0.10710 0.13660 0.17520 0.15700 0.23080
6 36 10 0.10010 0.10980 0.13300 0.11090 0.13420 0.18070 0.16330 0.24340
7 36 10 0.10100 0.11050 0.13340 0.10730 0.13370 0.18450 0.16890 0.24860
8 36 10 0.10230 0.11180 0.13330 0.11070 0.13600 0.18600 0.17030 0.25020
9 36 10 0.10170 0.11120 0.13510 0.11030 0.13350 0.18620 0.16840 0.25150
10 36 10 0.09940 0.11090 0.13310 0.11080 0.13310 0.17560 0.15880 0.23670
11 36 10 0.09920 0.11240 0.13400 0.10620 0.13430 0.17590 0.16060 0.23520
12 36 10 0.10130 0.11120 0.13270 0.11010 0.13390 0.18370 0.16800 0.24790
13 36 10 0.10290 0.11160 0.14090 0.11110 0.13580 0.19230 0.16960 0.25890
14 36 10 0.10020 0.11190 0.13390 0.10870 0.13390 0.17940 0.16150 0.23990
15 36 10 0.10470 0.11340 0.13750 0.10950 0.13660 0.18710 0.17090 0.25230
16 36 10 0.09380 0.10990 0.13170 0.10710 0.13570 0.17240 0.15680 0.22940
17 36 10 0.09870 0.10880 0.13290 0.10920 0.13560 0.17920 0.16190 0.24020
18 36 10 0.10070 0.11040 0.13440 0.10840 0.13470 0.18450 0.16730 0.24810
19 36 10 0.10020 0.11150 0.13440 0.10990 0.13390 0.18550 0.16740 0.24940
20 36 10 0.10360 0.11070 0.13790 0.11020 0.13940 0.18890 0.16600 0.25040
21 36 10 0.09970 0.11200 0.13330 0.11000 0.13530 0.18430 0.16240 0.24360
22 36 10 0.09690 0.11030 0.13440 0.10990 0.13490 0.17830 0.16380 0.24160
23 36 10 0.10030 0.11210 0.13370 0.10930 0.13510 0.18370 0.16630 0.24580
24 36 10 0.09840 0.11050 0.13460 0.11000 0.13340 0.18270 0.16710 0.24800
25 36 10 0.10060 0.11030 0.13450 0.10750 0.13450 0.18010 0.16380 0.24220
26 36 10 0.09800 0.10880 0.13420 0.10680 0.13460 0.18040 0.16280 0.24190
27 36 10 0.10120 0.11080 0.13420 0.10920 0.13690 0.18350 0.16530 0.24480
28 36 10 0.09970 0.11050 0.13510 0.10850 0.13590 0.17870 0.16360 0.24090
29 36 10 0.10460 0.11410 0.13640 0.11270 0.13290 0.19330 0.17730 0.26350
30 36 10 0.09760 0.10950 0.13710 0.10780 0.13730 0.17980 0.16070 0.24020
31 36 10 0.09730 0.11240 0.13150 0.11190 0.13340 0.17560 0.15740 0.23460
32 36 10 0.09990 0.11020 0.13410 0.10970 0.13430 0.18280 0.16400 0.24520
33 36 10 0.10090 0.10960 0.13590 0.11010 0.13350 0.18790 0.17110 0.25550
34 36 10 0.09840 0.11140 0.13290 0.10540 0.13360 0.17660 0.15740 0.23340
35 36 10 0.09580 0.10850 0.13000 0.10740 0.13000 0.17410 0.15840 0.23490
36 36 10 0.10200 0.11160 0.13730 0.10890 0.13590 0.18040 0.16190 0.24190
37 36 10 0.10660 0.11580 0.13410 0.11180 0.13220 0.19380 0.17800 0.26230
38 36 10 0.10000 0.10990 0.13320 0.11120 0.13450 0.18130 0.16400 0.24430
39 36 10 0.09780 0.11040 0.13250 0.10900 0.13230 0.17630 0.16200 0.23890
40 36 10 0.10450 0.11210 0.13380 0.11110 0.13290 0.18780 0.17180 0.25460
41 36 10 0.09890 0.11020 0.13160 0.10730 0.13380 0.18070 0.16330 0.24110
42 36 10 0.10020 0.11150 0.13360 0.10900 0.13580 0.18130 0.16330 0.24160
43 36 10 0.09920 0.10850 0.13310 0.10970 0.13620 0.18010 0.16460 0.24280
44 36 10 0.10210 0.11250 0.13370 0.11000 0.13610 0.18790 0.17130 0.25190
45 36 10 0.10260 0.11030 0.13840 0.11030 0.13410 0.18770 0.16790 0.25410
46 36 10 0.10490 0.11590 0.13910 0.10990 0.13740 0.19690 0.17450 0.26150
47 36 10 0.09790 0.11020 0.13300 0.10850 0.13760 0.17770 0.15920 0.23510
48 36 10 0.10440 0.11370 0.13730 0.11420 0.13360 0.18750 0.17180 0.25650
49 36 10 0.09880 0.11140 0.13430 0.11110 0.13530 0.17830 0.16320 0.24100
50 36 10 0.09800 0.10970 0.13370 0.10860 0.13640 0.17970 0.16050 0.23890
1 36 15 0.10350 0.11260 0.13440 0.11100 0.13250 0.18700 0.17220 0.25450
2 36 15 0.09770 0.10910 0.13320 0.10810 0.13340 0.17580 0.15820 0.23590
3 36 15 0.10070 0.10870 0.13170 0.11160 0.13500 0.17670 0.16010 0.23790
4 36 15 0.10210 0.11100 0.13680 0.10850 0.13540 0.18730 0.16510 0.24940
5 36 15 0.10080 0.10890 0.13580 0.10950 0.13460 0.18300 0.16460 0.24700
6 36 15 0.10400 0.11080 0.13830 0.11260 0.13400 0.18960 0.17370 0.26020
7 36 15 0.09900 0.11090 0.13050 0.10840 0.13300 0.17720 0.16130 0.23700
8 36 15 0.09880 0.11030 0.13170 0.10700 0.13260 0.17710 0.16110 0.23730
9 36 15 0.10200 0.11140 0.13310 0.11030 0.13400 0.18230 0.16770 0.24670
10 36 15 0.10070 0.11000 0.13040 0.10910 0.13230 0.17820 0.16360 0.24050
11 36 15 0.10440 0.11210 0.13550 0.11090 0.13270 0.18870 0.17290 0.25690
12 36 15 0.10160 0.11070 0.13590 0.10850 0.13410 0.18800 0.16780 0.25200
13 36 15 0.10620 0.11370 0.13590 0.11390 0.13680 0.18910 0.17220 0.25530
14 36 15 0.10050 0.11120 0.13260 0.10840 0.13520 0.18470 0.16590 0.24560
15 36 15 0.10360 0.11270 0.13490 0.10960 0.13200 0.18720 0.17050 0.25340
16 36 15 0.10330 0.11170 0.13260 0.11200 0.13500 0.18500 0.17040 0.25040
17 36 15 0.09960 0.11050 0.12930 0.11040 0.13220 0.17960 0.16450 0.24200
18 36 15 0.09870 0.11070 0.13060 0.10780 0.13340 0.17960 0.16180 0.23890
19 36 15 0.09610 0.10930 0.13390 0.10870 0.13290 0.17620 0.15730 0.23650
20 36 15 0.10080 0.11220 0.13380 0.10980 0.13280 0.18530 0.16940 0.25050
21 36 15 0.09900 0.10960 0.13390 0.11020 0.13730 0.17620 0.16320 0.23860
22 36 15 0.10020 0.10910 0.13440 0.10740 0.13510 0.17920 0.16270 0.24080
23 36 15 0.09970 0.11020 0.13390 0.10860 0.13350 0.18260 0.16410 0.24500
24 36 15 0.09850 0.11100 0.13110 0.11120 0.13620 0.17790 0.16070 0.23700
25 36 15 0.09850 0.10950 0.13390 0.10840 0.13550 0.17750 0.15660 0.23540
26 36 15 0.09850 0.11040 0.13510 0.10950 0.13150 0.18290 0.16630 0.24880
27 36 15 0.10050 0.11180 0.13480 0.10760 0.13560 0.18370 0.16440 0.24430
28 36 15 0.09380 0.10910 0.13400 0.10660 0.13800 0.17370 0.15420 0.22870
29 36 15 0.09720 0.11020 0.13280 0.10760 0.13360 0.17430 0.15570 0.23210
30 36 15 0.10230 0.11220 0.13500 0.10940 0.13890 0.18800 0.16990 0.25010
31 36 15 0.10590 0.11100 0.13350 0.11120 0.13370 0.18470 0.16930 0.25060
32 36 15 0.10210 0.10870 0.13540 0.11100 0.13300 0.17830 0.16100 0.24260
33 36 15 0.10260 0.11020 0.13130 0.11250 0.13420 0.18180 0.16780 0.24690
34 36 15 0.09910 0.10900 0.13280 0.10980 0.13630 0.17610 0.15830 0.23510
35 36 15 0.10090 0.11020 0.13580 0.11110 0.13630 0.18060 0.16770 0.24660
36 36 15 0.09800 0.10810 0.13600 0.10730 0.13700 0.17920 0.15980 0.23920
37 36 15 0.09830 0.10770 0.13150 0.10780 0.13390 0.17650 0.15900 0.23630
38 36 15 0.10840 0.11730 0.13530 0.10910 0.13370 0.19670 0.18000 0.26390
39 36 15 0.10150 0.10980 0.13510 0.10970 0.13560 0.17940 0.16370 0.24260
40 36 15 0.10280 0.11040 0.13680 0.11050 0.13600 0.18100 0.16520 0.24550
41 36 15 0.09880 0.10950 0.13140 0.10870 0.13240 0.17800 0.15950 0.23810
42 36 15 0.10170 0.10970 0.13810 0.10900 0.13570 0.17910 0.16240 0.24270
43 36 15 0.10470 0.11070 0.13860 0.11360 0.13250 0.18690 0.16720 0.25540
44 36 15 0.09710 0.10860 0.13250 0.10890 0.13120 0.17560 0.15860 0.23740
45 36 15 0.10050 0.10800 0.13320 0.11070 0.13380 0.18300 0.16370 0.24640
46 36 15 0.10240 0.11020 0.13690 0.11040 0.13630 0.18320 0.16630 0.24770
47 36 15 0.10150 0.11220 0.13500 0.11420 0.13360 0.17730 0.16200 0.24190
48 36 15 0.09900 0.10870 0.13240 0.10940 0.13180 0.17940 0.16050 0.24130
49 36 15 0.10110 0.11210 0.13120 0.10490 0.13310 0.17650 0.15800 0.23250
50 36 15 0.09850 0.10870 0.13200 0.10880 0.13610 0.18160 0.16370 0.24220
1 36 20 0.09960 0.10980 0.13330 0.10770 0.13210 0.17510 0.15680 0.23470
2 36 20 0.09980 0.10900 0.13700 0.11060 0.13420 0.18110 0.16320 0.24600
3 36 20 0.09980 0.11110 0.13320 0.10780 0.13430 0.17740 0.16180 0.23800
4 36 20 0.09630 0.10850 0.13190 0.10670 0.13430 0.17370 0.15570 0.23110
5 36 20 0.10350 0.11140 0.13110 0.10930 0.13020 0.18450 0.16600 0.24770
6 36 20 0.10400 0.10930 0.13790 0.11600 0.13550 0.18480 0.16990 0.25530
7 36 20 0.09730 0.11030 0.13310 0.10770 0.13640 0.17600 0.15700 0.23280
8 36 20 0.09930 0.11070 0.13260 0.10890 0.13260 0.17730 0.16130 0.23890
9 36 20 0.10220 0.10740 0.13840 0.11090 0.13560 0.17850 0.16050 0.24320
10 36 20 0.09990 0.10850 0.13630 0.10910 0.13400 0.18040 0.16290 0.24460
11 36 20 0.10550 0.11400 0.13650 0.11220 0.13480 0.19520 0.17740 0.26390
12 36 20 0.09770 0.10970 0.13410 0.10810 0.13360 0.17960 0.16150 0.24100
13 36 20 0.09910 0.10990 0.13560 0.11020 0.13480 0.18370 0.16380 0.24680
14 36 20 0.10340 0.11160 0.13400 0.10880 0.13240 0.18760 0.17000 0.25270
15 36 20 0.10160 0.10940 0.13730 0.10860 0.13290 0.18240 0.16410 0.24740
16 36 20 0.09940 0.10920 0.13780 0.11170 0.13820 0.17860 0.15640 0.23830
17 36 20 0.10070 0.10800 0.13600 0.11050 0.13520 0.17740 0.15960 0.24020
18 36 20 0.09810 0.11030 0.13470 0.11010 0.13430 0.17610 0.15780 0.23660
19 36 20 0.10360 0.11070 0.13590 0.11230 0.13420 0.17990 0.16230 0.24400
20 36 20 0.09930 0.10990 0.13640 0.10770 0.13540 0.18210 0.16080 0.24250
21 36 20 0.10090 0.10980 0.13450 0.10580 0.13200 0.18170 0.16540 0.24530
22 36 20 0.10100 0.10890 0.13520 0.10910 0.13430 0.17710 0.16030 0.23940
23 36 20 0.09660 0.10860 0.13730 0.10810 0.13980 0.17890 0.15880 0.23750
24 36 20 0.10100 0.11080 0.13100 0.10770 0.13320 0.17920 0.16230 0.23920
25 36 20 0.09890 0.11250 0.13480 0.10930 0.13390 0.17540 0.16100 0.23710
26 36 20 0.09880 0.10900 0.13570 0.11170 0.13480 0.17730 0.15950 0.24020
27 36 20 0.10010 0.10890 0.13220 0.10790 0.13200 0.17950 0.16150 0.24110
28 36 20 0.09880 0.11080 0.13200 0.11200 0.13300 0.17730 0.16080 0.23940
29 36 20 0.10270 0.11180 0.13260 0.10720 0.13260 0.18370 0.16550 0.24520
30 36 20 0.10040 0.10980 0.13710 0.11170 0.14040 0.18460 0.16780 0.24850
31 36 20 0.10130 0.11090 0.13400 0.10830 0.13490 0.17960 0.16230 0.24040
32 36 20 0.09930 0.10890 0.13310 0.11240 0.13530 0.18030 0.16150 0.24240
33 36 20 0.10740 0.11660 0.13810 0.11080 0.13460 0.19620 0.17750 0.26390
34 36 20 0.10280 0.10940 0.13620 0.11210 0.13480 0.17940 0.16270 0.24420
35 36 20 0.09750 0.10960 0.13970 0.10990 0.13780 0.17400 0.15320 0.23310
36 36 20 0.09940 0.11050 0.13330 0.11250 0.13310 0.18090 0.16220 0.24400
37 36 20 0.10340 0.11130 0.14090 0.11290 0.13530 0.18850 0.16820 0.25640
38 36 20 0.09900 0.11070 0.13370 0.10890 0.13370 0.17630 0.15560 0.23440
39 36 20 0.10200 0.11170 0.13380 0.11060 0.13410 0.18520 0.16780 0.24930
40 36 20 0.09750 0.10910 0.13330 0.10760 0.13360 0.17860 0.16040 0.23920
41 36 20 0.09990 0.10980 0.13230 0.10880 0.13360 0.18130 0.16440 0.24350
42 36 20 0.10330 0.10990 0.13580 0.11000 0.13330 0.18420 0.16650 0.24970
43 36 20 0.09890 0.10950 0.13130 0.11310 0.13320 0.17490 0.15760 0.23610
44 36 20 0.10130 0.11090 0.13740 0.10770 0.13100 0.17960 0.16070 0.24310
45 36 20 0.10140 0.10950 0.13540 0.11100 0.13400 0.18580 0.16650 0.25090
46 36 20 0.10540 0.11360 0.13610 0.10940 0.13830 0.19140 0.17010 0.25300
47 36 20 0.09710 0.10890 0.13040 0.10850 0.13360 0.17680 0.16230 0.23800
48 36 20 0.10800 0.11220 0.13770 0.11320 0.13290 0.18990 0.17070 0.25830
49 36 20 0.10220 0.10930 0.13410 0.10970 0.13400 0.18230 0.16550 0.24640
50 36 20 0.10060 0.10900 0.13240 0.11040 0.13470 0.17820 0.16340 0.24110
1 54 5 0.09810 0.11310 0.11690 0.11730 0.12590 0.17330 0.17300 0.24240
2 54 5 0.09860 0.10980 0.11850 0.11670 0.12690 0.16980 0.16920 0.23870
3 54 5 0.09690 0.11180 0.11720 0.11850 0.12690 0.16770 0.16750 0.23530
4 54 5 0.09980 0.11230 0.11930 0.11650 0.12650 0.17550 0.17500 0.24620
5 54 5 0.10120 0.11100 0.11860 0.11750 0.12690 0.17580 0.17540 0.24720
6 54 5 0.09730 0.11000 0.11690 0.11680 0.12820 0.16560 0.16630 0.23190
7 54 5 0.10170 0.11270 0.12000 0.11850 0.12830 0.17410 0.17570 0.24590
8 54 5 0.10260 0.11310 0.11780 0.11890 0.12640 0.17290 0.17480 0.24440
9 54 5 0.10180 0.11370 0.11850 0.11910 0.12600 0.17820 0.17780 0.25060
10 54 5 0.10500 0.11300 0.12270 0.12210 0.12740 0.18410 0.18170 0.26050
11 54 5 0.10370 0.11340 0.11730 0.11970 0.12780 0.17940 0.18040 0.25220
12 54 5 0.09810 0.11230 0.11630 0.11930 0.12750 0.16720 0.16470 0.23230
13 54 5 0.10510 0.11450 0.12080 0.11870 0.12580 0.18010 0.17990 0.25410
14 54 5 0.09660 0.10930 0.11710 0.11780 0.12740 0.16840 0.16470 0.23440
15 54 5 0.09790 0.10960 0.11710 0.11800 0.12930 0.17020 0.16970 0.23800
16 54 5 0.09960 0.11250 0.12020 0.12040 0.12840 0.16740 0.16990 0.23800
17 54 5 0.09860 0.11100 0.11810 0.11780 0.12640 0.17210 0.17200 0.24240
18 54 5 0.11030 0.11660 0.12350 0.12340 0.12770 0.19050 0.18860 0.26920
19 54 5 0.10010 0.11140 0.11780 0.11740 0.12590 0.16800 0.16730 0.23580
20 54 5 0.10360 0.11490 0.12210 0.12290 0.12740 0.18530 0.18560 0.26340
21 54 5 0.09630 0.10980 0.11670 0.11810 0.12690 0.16890 0.17070 0.23890
22 54 5 0.10200 0.11160 0.11590 0.11880 0.12650 0.16630 0.16640 0.23320
23 54 5 0.09760 0.11050 0.11590 0.11840 0.12790 0.16650 0.16430 0.23150
24 54 5 0.10200 0.11230 0.11800 0.11920 0.12950 0.17550 0.17570 0.24590
25 54 5 0.09790 0.11090 0.11660 0.11590 0.12750 0.16880 0.16730 0.23430
26 54 5 0.09870 0.11220 0.11710 0.11670 0.12660 0.17220 0.17380 0.24200
27 54 5 0.09940 0.11100 0.11910 0.11960 0.12460 0.17480 0.17320 0.24740
28 54 5 0.10010 0.11120 0.11890 0.12040 0.12570 0.16800 0.16910 0.23930
29 54 5 0.09910 0.11290 0.11820 0.11850 0.12650 0.16280 0.16340 0.22910
30 54 5 0.10090 0.11170 0.11910 0.11940 0.12980 0.17480 0.17340 0.24440
31 54 5 0.10350 0.11320 0.11670 0.11840 0.12380 0.17850 0.18070 0.25300
32 54 5 0.10210 0.11260 0.11970 0.11990 0.12620 0.17930 0.18050 0.25460
33 54 5 0.10230 0.11220 0.11970 0.12020 0.12760 0.17710 0.17870 0.25140
34 54 5 0.09850 0.11040 0.11660 0.11650 0.12780 0.17060 0.17070 0.23840
35 54 5 0.10180 0.11220 0.11920 0.11990 0.12870 0.17460 0.17510 0.24610
36 54 5 0.09620 0.11060 0.11530 0.11540 0.12640 0.16580 0.16300 0.22900
37 54 5 0.09650 0.11010 0.11640 0.11520 0.12450 0.16360 0.16270 0.22910
38 54 5 0.10040 0.11290 0.11660 0.11910 0.12570 0.16470 0.16610 0.23220
39 54 5 0.10210 0.11250 0.12000 0.11950 0.12650 0.16910 0.16880 0.23900
40 54 5 0.10100 0.11270 0.12310 0.11840 0.12980 0.17480 0.17380 0.24580
41 54 5 0.09840 0.11010 0.11510 0.11720 0.12840 0.16960 0.16770 0.23510
42 54 5 0.09750 0.11080 0.11580 0.11840 0.12440 0.16830 0.16980 0.23840
43 54 5 0.10110 0.11110 0.11920 0.11870 0.13000 0.17310 0.17280 0.24260
44 54 5 0.09670 0.11080 0.11930 0.11700 0.12640 0.16530 0.16540 0.23310
45 54 5 0.10180 0.11510 0.12130 0.12150 0.13060 0.16870 0.17310 0.23990
46 54 5 0.09990 0.10960 0.11660 0.11700 0.13010 0.17230 0.17330 0.24090
47 54 5 0.09930 0.11050 0.11630 0.11710 0.12590 0.17000 0.17100 0.23940
48 54 5 0.10110 0.11180 0.11660 0.11770 0.12590 0.17130 0.16950 0.23920
49 54 5 0.10180 0.11230 0.11630 0.11970 0.12450 0.17180 0.17550 0.24510
50 54 5 0.10040 0.11060 0.11740 0.11810 0.12560 0.17270 0.17410 0.24470
1 54 10 0.09600 0.10980 0.11750 0.11540 0.12820 0.16010 0.16110 0.22410
2 54 10 0.10310 0.11200 0.11980 0.12070 0.12640 0.17180 0.17330 0.24490
3 54 10 0.10110 0.10970 0.11890 0.11850 0.12660 0.17020 0.16880 0.23990
4 54 10 0.11020 0.11780 0.12400 0.11980 0.12660 0.19340 0.19030 0.27100
5 54 10 0.10310 0.11140 0.11980 0.12340 0.13000 0.17220 0.17700 0.24750
6 54 10 0.10410 0.11230 0.11880 0.11960 0.12620 0.17850 0.18040 0.25350
7 54 10 0.10370 0.11240 0.11970 0.11840 0.12640 0.17800 0.17810 0.25120
8 54 10 0.09790 0.10840 0.11760 0.11780 0.12770 0.16380 0.16470 0.23150
9 54 10 0.10230 0.11210 0.12060 0.11680 0.12600 0.17550 0.17310 0.24600
10 54 10 0.10020 0.11120 0.11590 0.11710 0.12590 0.17150 0.16990 0.23920
11 54 10 0.10240 0.11110 0.11840 0.11710 0.12620 0.17560 0.17390 0.24600
12 54 10 0.10280 0.11060 0.11670 0.12020 0.12530 0.17220 0.17400 0.24500
13 54 10 0.10180 0.11150 0.11850 0.11870 0.12670 0.17160 0.17160 0.24190
14 54 10 0.09770 0.10960 0.11670 0.11790 0.12590 0.16860 0.16850 0.23760
15 54 10 0.10410 0.11310 0.11880 0.12050 0.12700 0.17620 0.17460 0.24760
16 54 10 0.09880 0.11140 0.11800 0.11970 0.12870 0.17000 0.17380 0.24160
17 54 10 0.09760 0.11020 0.11430 0.11440 0.12600 0.16630 0.16630 0.23120
18 54 10 0.10080 0.11100 0.11690 0.12450 0.12970 0.16620 0.16990 0.23770
19 54 10 0.09980 0.11140 0.11640 0.11720 0.12400 0.16880 0.16480 0.23480
20 54 10 0.09910 0.11100 0.11760 0.11650 0.12480 0.17230 0.17240 0.24270
21 54 10 0.10440 0.11390 0.11880 0.11980 0.12730 0.18140 0.18210 0.25560
22 54 10 0.09900 0.11040 0.11670 0.11700 0.12670 0.16660 0.16610 0.23320
23 54 10 0.10160 0.11260 0.11890 0.12030 0.12720 0.17560 0.17650 0.24840
24 54 10 0.09950 0.10940 0.11800 0.11660 0.12580 0.16900 0.16870 0.23820
25 54 10 0.10290 0.11460 0.11800 0.11940 0.12770 0.18030 0.18040 0.25260
26 54 10 0.10020 0.11070 0.11970 0.11980 0.12760 0.17410 0.17440 0.24680
27 54 10 0.10080 0.11230 0.11700 0.11610 0.12400 0.17520 0.17450 0.24560
28 54 10 0.10150 0.11120 0.11730 0.11720 0.12600 0.17150 0.17160 0.24110
29 54 10 0.10360 0.11210 0.11880 0.11970 0.12670 0.17500 0.17690 0.24850
30 54 10 0.10020 0.11180 0.11860 0.11680 0.12470 0.17070 0.16910 0.23960
31 54 10 0.09830 0.11010 0.11950 0.11940 0.12470 0.16460 0.16400 0.23420
32 54 10 0.10150 0.11030 0.12330 0.12030 0.12880 0.17540 0.17460 0.24930
33 54 10 0.10380 0.11300 0.11880 0.11980 0.12790 0.18340 0.18390 0.25840
34 54 10 0.10080 0.11090 0.11880 0.12000 0.12630 0.17520 0.17500 0.24820
35 54 10 0.10350 0.11200 0.11790 0.11650 0.12820 0.17330 0.17530 0.24330
36 54 10 0.10190 0.11070 0.11900 0.11680 0.13050 0.16970 0.16880 0.23630
37 54 10 0.10110 0.11260 0.11610 0.11790 0.12570 0.17480 0.17470 0.24490
38 54 10 0.09960 0.10980 0.12010 0.11840 0.12520 0.17010 0.17060 0.24230
39 54 10 0.09520 0.11330 0.11690 0.11750 0.12570 0.16290 0.16020 0.22590
40 54 10 0.10160 0.11190 0.11520 0.11780 0.12500 0.17320 0.17190 0.24200
41 54 10 0.09600 0.11000 0.11730 0.11790 0.12670 0.16480 0.16340 0.23100
42 54 10 0.10610 0.11380 0.11910 0.11980 0.12540 0.18120 0.18010 0.25520
43 54 10 0.09890 0.11080 0.12050 0.11910 0.12580 0.16700 0.16640 0.23700
44 54 10 0.10160 0.11190 0.11910 0.11980 0.12580 0.17450 0.17450 0.24710
45 54 10 0.09910 0.11080 0.11430 0.11590 0.12580 0.17250 0.17150 0.23990
46 54 10 0.10290 0.11160 0.11790 0.11840 0.12590 0.17150 0.17050 0.24100
47 54 10 0.10140 0.11080 0.11690 0.11780 0.12560 0.17100 0.17050 0.24040
48 54 10 0.10030 0.10860 0.11850 0.11800 0.12560 0.16800 0.16770 0.23820
49 54 10 0.10110 0.10940 0.11450 0.11680 0.12620 0.16830 0.16960 0.23650
50 54 10 0.09940 0.11160 0.11870 0.12060 0.12830 0.16570 0.16840 0.23570
1 54 15 0.09550 0.10800 0.11840 0.11760 0.12450 0.16010 0.16090 0.22840
2 54 15 0.10470 0.11300 0.11740 0.12000 0.12380 0.17650 0.17810 0.25090
3 54 15 0.10250 0.11000 0.12030 0.11850 0.12510 0.17600 0.17340 0.24850
4 54 15 0.09910 0.10970 0.11780 0.11900 0.12640 0.17310 0.17300 0.24470
5 54 15 0.09900 0.10930 0.12030 0.11920 0.12760 0.17220 0.17370 0.24550
6 54 15 0.10280 0.11060 0.12020 0.12070 0.12560 0.17260 0.17320 0.24660
7 54 15 0.10200 0.11120 0.11810 0.11780 0.12660 0.17140 0.17090 0.24080
8 54 15 0.10270 0.11100 0.11850 0.11680 0.12520 0.17480 0.17410 0.24610
9 54 15 0.10110 0.10920 0.11950 0.11940 0.12820 0.17250 0.17360 0.24510
10 54 15 0.09800 0.10970 0.11660 0.11570 0.12500 0.16650 0.16590 0.23360
11 54 15 0.09770 0.11250 0.11370 0.11450 0.12210 0.16420 0.16430 0.22890
12 54 15 0.09950 0.11040 0.11760 0.11690 0.12770 0.17620 0.17680 0.24760
13 54 15 0.09780 0.11150 0.12080 0.11710 0.12760 0.16220 0.16400 0.22980
14 54 15 0.10250 0.11030 0.11900 0.12050 0.12680 0.17410 0.17580 0.24830
15 54 15 0.10520 0.11190 0.12150 0.12030 0.12630 0.18060 0.18120 0.25730
16 54 15 0.09550 0.10730 0.11600 0.11320 0.12420 0.16260 0.16190 0.22810
17 54 15 0.09540 0.10890 0.11720 0.11650 0.12790 0.16690 0.16380 0.23200
18 54 15 0.09870 0.10760 0.11730 0.11620 0.12490 0.16670 0.16610 0.23550
19 54 15 0.10080 0.10950 0.11640 0.12050 0.12480 0.16870 0.17230 0.24220
20 54 15 0.10450 0.11200 0.11860 0.11920 0.12600 0.17710 0.17750 0.25040
21 54 15 0.10190 0.11010 0.11900 0.11980 0.12700 0.17510 0.17290 0.24670
22 54 15 0.09830 0.10750 0.11460 0.11740 0.12720 0.16560 0.16910 0.23500
23 54 15 0.09880 0.10980 0.11630 0.11840 0.12630 0.16600 0.16950 0.23630
24 54 15 0.09870 0.11130 0.11750 0.11730 0.12910 0.16240 0.16540 0.22860
25 54 15 0.09830 0.10960 0.11610 0.12010 0.12650 0.16230 0.16480 0.23100
26 54 15 0.10310 0.11150 0.11600 0.11780 0.12510 0.16980 0.16960 0.23850
27 54 15 0.10130 0.10990 0.12390 0.12250 0.12830 0.17200 0.17240 0.24720
28 54 15 0.09850 0.11000 0.11690 0.11870 0.12520 0.16540 0.16600 0.23430
29 54 15 0.09900 0.11130 0.11790 0.11870 0.12790 0.16670 0.16710 0.23450
30 54 15 0.10450 0.11180 0.11970 0.11910 0.12530 0.17670 0.17560 0.24970
31 54 15 0.10020 0.10990 0.12030 0.12030 0.12650 0.16690 0.16620 0.23730
32 54 15 0.10150 0.11180 0.11960 0.11920 0.12710 0.16620 0.16840 0.23630
33 54 15 0.09660 0.10770 0.11490 0.11900 0.12570 0.16550 0.16680 0.23490
34 54 15 0.09570 0.10850 0.11490 0.11610 0.12490 0.16390 0.16370 0.23020
35 54 15 0.10220 0.11410 0.11930 0.12080 0.13060 0.17090 0.17280 0.24060
36 54 15 0.10070 0.10990 0.11710 0.11370 0.12500 0.17340 0.17060 0.24110
37 54 15 0.10020 0.10890 0.11960 0.11870 0.12610 0.16930 0.16890 0.24050
38 54 15 0.10030 0.10900 0.11960 0.12160 0.12780 0.17430 0.17450 0.24830
39 54 15 0.09740 0.10780 0.11760 0.11810 0.12920 0.16470 0.16550 0.23240
40 54 15 0.09900 0.10810 0.11570 0.11640 0.12740 0.17090 0.16910 0.23840
41 54 15 0.09180 0.10710 0.11610 0.11760 0.12640 0.15680 0.15980 0.22360
42 54 15 0.09830 0.11020 0.11770 0.11800 0.12530 0.16810 0.16920 0.23840
43 54 15 0.09880 0.10920 0.11830 0.11760 0.12680 0.16610 0.16820 0.23600
44 54 15 0.09730 0.10790 0.11500 0.11870 0.12690 0.16850 0.16930 0.23800
45 54 15 0.10120 0.11200 0.11970 0.11980 0.13070 0.17380 0.17580 0.24530
46 54 15 0.09840 0.11130 0.11720 0.11690 0.12630 0.16560 0.16870 0.23440
47 54 15 0.10660 0.11170 0.12120 0.11990 0.12720 0.17860 0.17920 0.25380
48 54 15 0.10110 0.10840 0.11980 0.11920 0.12790 0.17070 0.16950 0.24150
49 54 15 0.09860 0.11100 0.11970 0.11800 0.12750 0.16810 0.16960 0.23810
50 54 15 0.10120 0.11130 0.11690 0.12100 0.12660 0.17130 0.17490 0.24460
1 54 20 0.09760 0.10980 0.11790 0.11660 0.12530 0.16870 0.16760 0.23720
2 54 20 0.09750 0.10900 0.11970 0.12410 0.12960 0.16340 0.16630 0.23540
3 54 20 0.09960 0.11010 0.11540 0.11700 0.12490 0.16940 0.16870 0.23760
4 54 20 0.09980 0.10840 0.11740 0.11820 0.12480 0.16940 0.16940 0.24040
5 54 20 0.10120 0.10910 0.12110 0.11870 0.12730 0.17100 0.16930 0.24190
6 54 20 0.09830 0.11110 0.11560 0.11840 0.12600 0.16440 0.16750 0.23290
7 54 20 0.09670 0.10950 0.11990 0.11850 0.12610 0.15750 0.15750 0.22390
8 54 20 0.10290 0.11000 0.12180 0.11920 0.12790 0.17120 0.16900 0.24190
9 54 20 0.10210 0.11240 0.12040 0.12020 0.12740 0.16650 0.17000 0.23810
10 54 20 0.10260 0.10990 0.11950 0.11690 0.12590 0.16970 0.16670 0.23790
11 54 20 0.09880 0.10990 0.11670 0.12090 0.12410 0.16430 0.16570 0.23490
12 54 20 0.10040 0.10910 0.11850 0.11660 0.12760 0.17070 0.16850 0.23870
13 54 20 0.09620 0.10900 0.11900 0.11720 0.12650 0.16500 0.16180 0.23110
14 54 20 0.10280 0.11000 0.11950 0.12110 0.12640 0.17230 0.17390 0.24660
15 54 20 0.10180 0.10930 0.11920 0.11770 0.12640 0.16570 0.16740 0.23580
16 54 20 0.09880 0.10970 0.11730 0.11750 0.12550 0.16920 0.16890 0.23870
17 54 20 0.09880 0.11070 0.11420 0.11560 0.12540 0.16340 0.16580 0.22930
18 54 20 0.10420 0.11230 0.11890 0.11750 0.12790 0.17180 0.17240 0.24130
19 54 20 0.10070 0.10910 0.11920 0.11990 0.12950 0.16980 0.16800 0.23870
20 54 20 0.10100 0.10990 0.11880 0.11980 0.12930 0.16800 0.16800 0.23690
21 54 20 0.10180 0.11100 0.11600 0.11540 0.12570 0.16920 0.16620 0.23440
22 54 20 0.09670 0.11130 0.12020 0.11990 0.13000 0.16290 0.16080 0.22790
23 54 20 0.10010 0.11110 0.11780 0.11670 0.12470 0.16840 0.16640 0.23590
24 54 20 0.10370 0.11130 0.11800 0.11760 0.12560 0.17240 0.17230 0.24300
25 54 20 0.09710 0.11000 0.11980 0.11730 0.12910 0.16520 0.16440 0.23160
26 54 20 0.09620 0.10870 0.11840 0.11760 0.12860 0.15910 0.15960 0.22430
27 54 20 0.09440 0.10920 0.11840 0.11750 0.12700 0.15920 0.16010 0.22540
28 54 20 0.09950 0.10870 0.11980 0.11900 0.12570 0.16920 0.16900 0.24100
29 54 20 0.09670 0.10960 0.11570 0.11400 0.12490 0.16620 0.16280 0.23010
30 54 20 0.10140 0.10920 0.11690 0.11790 0.12560 0.17110 0.17250 0.24280
31 54 20 0.10410 0.11110 0.11920 0.11660 0.12710 0.17720 0.17450 0.24730
32 54 20 0.09860 0.10920 0.11470 0.11630 0.12620 0.16350 0.16300 0.22830
33 54 20 0.10360 0.11080 0.11950 0.11710 0.12590 0.17700 0.17530 0.24880
34 54 20 0.10130 0.11150 0.12000 0.11800 0.12850 0.17110 0.17140 0.24090
35 54 20 0.10140 0.11030 0.12090 0.11990 0.12470 0.17130 0.16910 0.24340
36 54 20 0.10250 0.11110 0.12080 0.11870 0.13220 0.17630 0.17410 0.24550
37 54 20 0.10070 0.11030 0.11650 0.11640 0.12570 0.16730 0.16620 0.23400
38 54 20 0.09990 0.10830 0.11740 0.12040 0.12590 0.16660 0.16980 0.23940
39 54 20 0.09690 0.10780 0.11750 0.11800 0.12530 0.16460 0.16580 0.23450
40 54 20 0.09970 0.11020 0.11930 0.11680 0.12440 0.16660 0.16470 0.23480
41 54 20 0.09790 0.10750 0.12010 0.12110 0.13080 0.16950 0.16870 0.24000
42 54 20 0.10550 0.11240 0.12230 0.12140 0.12910 0.17910 0.17730 0.25280
43 54 20 0.09960 0.10810 0.11760 0.11730 0.12630 0.16790 0.16400 0.23460
44 54 20 0.09530 0.10940 0.11690 0.11800 0.12720 0.15820 0.15560 0.22070
45 54 20 0.09790 0.10790 0.11800 0.12170 0.12820 0.16730 0.16820 0.23860
46 54 20 0.10030 0.11000 0.11780 0.11770 0.12640 0.17110 0.17100 0.24120
47 54 20 0.10340 0.11060 0.11770 0.11830 0.12650 0.17470 0.17380 0.24570
48 54 20 0.09900 0.11060 0.11900 0.11740 0.12760 0.16680 0.16990 0.23680
49 54 20 0.09680 0.11110 0.11550 0.11990 0.12340 0.16350 0.16350 0.23160
50 54 20 0.10400 0.11210 0.11800 0.11680 0.12760 0.16930 0.16720 0.23530
