iteration nWin nCatch sum contrast
w27_c05_0001 27 5 0.46380 0.75190
w27_c05_0002 27 5 0.47720 0.78700
w27_c05_0003 27 5 0.46000 0.71810
w27_c05_0004 27 5 0.48850 0.82090
w27_c05_0005 27 5 0.47230 0.77860
w27_c05_0006 27 5 0.45890 0.73750
w27_c05_0007 27 5 0.46250 0.74740
w27_c05_0008 27 5 0.46800 0.75990
w27_c05_0009 27 5 0.46700 0.75610
w27_c05_0010 27 5 0.46130 0.74560
w27_c05_0011 27 5 0.46610 0.75000
w27_c05_0012 27 5 0.46290 0.75070
w27_c05_0013 27 5 0.46630 0.76510
w27_c05_0014 27 5 0.46460 0.76500
w27_c05_0015 27 5 0.46970 0.75600
w27_c05_0016 27 5 0.48260 0.81040
w27_c05_0017 27 5 0.46380 0.73780
w27_c05_0018 27 5 0.46340 0.75170
w27_c05_0019 27 5 0.46910 0.76460
w27_c05_0020 27 5 0.48580 0.81590
w27_c05_0021 27 5 0.47410 0.77740
w27_c05_0022 27 5 0.46410 0.74980
w27_c05_0023 27 5 0.46810 0.76340
w27_c05_0024 27 5 0.46590 0.75380
w27_c05_0025 27 5 0.46320 0.74480
w27_c05_0026 27 5 0.48380 0.79370
w27_c05_0027 27 5 0.46590 0.75270
w27_c05_0028 27 5 0.47110 0.77270
w27_c05_0029 27 5 0.47830 0.75950
w27_c05_0030 27 5 0.48650 0.81350
w27_c05_0031 27 5 0.46440 0.73620
w27_c05_0032 27 5 0.47420 0.77780
w27_c05_0033 27 5 0.48220 0.79940
w27_c05_0034 27 5 0.46330 0.75920
w27_c05_0035 27 5 0.46890 0.76130
w27_c05_0036 27 5 0.46520 0.76840
w27_c05_0037 27 5 0.46910 0.76450
w27_c05_0038 27 5 0.46100 0.75100
w27_c05_0039 27 5 0.47430 0.78070
w27_c05_0040 27 5 0.47270 0.77940
w27_c05_0041 27 5 0.48450 0.81020
w27_c05_0042 27 5 0.46910 0.74460
w27_c05_0043 27 5 0.46300 0.74370
w27_c05_0044 27 5 0.46940 0.77130
w27_c05_0045 27 5 0.46540 0.76910
w27_c05_0046 27 5 0.47520 0.77510
w27_c05_0047 27 5 0.47540 0.78060
w27_c05_0048 27 5 0.48020 0.79960
w27_c05_0049 27 5 0.47600 0.78410
w27_c05_0050 27 5 0.47900 0.79080
w27_c10_0001 27 10 0.46310 0.73020
w27_c10_0002 27 10 0.46000 0.74790
w27_c10_0003 27 10 0.45870 0.73040
w27_c10_0004 27 10 0.45980 0.74820
w27_c10_0005 27 10 0.46560 0.76320
w27_c10_0006 27 10 0.46610 0.76170
w27_c10_0007 27 10 0.46310 0.76380
w27_c10_0008 27 10 0.45780 0.73560
w27_c10_0009 27 10 0.46230 0.74160
w27_c10_0010 27 10 0.46710 0.77160
w27_c10_0011 27 10 0.46850 0.76960
w27_c10_0012 27 10 0.47680 0.77920
w27_c10_0013 27 10 0.45350 0.72410
w27_c10_0014 27 10 0.45900 0.73900
w27_c10_0015 27 10 0.46880 0.77060
w27_c10_0016 27 10 0.46410 0.74520
w27_c10_0017 27 10 0.46400 0.74480
w27_c10_0018 27 10 0.45970 0.74510
w27_c10_0019 27 10 0.47070 0.76940
w27_c10_0020 27 10 0.46160 0.74060
w27_c10_0021 27 10 0.47120 0.74920
w27_c10_0022 27 10 0.46100 0.74230
w27_c10_0023 27 10 0.47430 0.77480
w27_c10_0024 27 10 0.46440 0.75190
w27_c10_0025 27 10 0.46320 0.75130
w27_c10_0026 27 10 0.47860 0.79670
w27_c10_0027 27 10 0.46140 0.74160
w27_c10_0028 27 10 0.46350 0.75870
w27_c10_0029 27 10 0.46110 0.75030
w27_c10_0030 27 10 0.47020 0.76820
w27_c10_0031 27 10 0.46950 0.76590
w27_c10_0032 27 10 0.45340 0.71490
w27_c10_0033 27 10 0.46400 0.74160
w27_c10_0034 27 10 0.46000 0.74220
w27_c10_0035 27 10 0.46440 0.73720
w27_c10_0036 27 10 0.48200 0.79740
w27_c10_0037 27 10 0.46480 0.76250
w27_c10_0038 27 10 0.45890 0.72710
w27_c10_0039 27 10 0.46730 0.75350
w27_c10_0040 27 10 0.45530 0.72950
w27_c10_0041 27 10 0.47310 0.76690
w27_c10_0042 27 10 0.45820 0.73600
w27_c10_0043 27 10 0.46250 0.72590
w27_c10_0044 27 10 0.46810 0.76730
w27_c10_0045 27 10 0.46500 0.75820
w27_c10_0046 27 10 0.47250 0.76000
w27_c10_0047 27 10 0.47360 0.77460
w27_c10_0048 27 10 0.46610 0.74150
w27_c10_0049 27 10 0.46380 0.74570
w27_c10_0050 27 10 0.46660 0.75350
w27_c15_0001 27 15 0.47770 0.78500
w27_c15_0002 27 15 0.46600 0.75790
w27_c15_0003 27 15 0.48440 0.78010
w27_c15_0004 27 15 0.45980 0.74810
w27_c15_0005 27 15 0.46200 0.75560
w27_c15_0006 27 15 0.47300 0.77840
w27_c15_0007 27 15 0.46060 0.74520
w27_c15_0008 27 15 0.45430 0.72190
w27_c15_0009 27 15 0.45900 0.74480
w27_c15_0010 27 15 0.46520 0.76350
w27_c15_0011 27 15 0.46250 0.74180
w27_c15_0012 27 15 0.46580 0.75560
w27_c15_0013 27 15 0.46400 0.74520
w27_c15_0014 27 15 0.46200 0.73690
w27_c15_0015 27 15 0.45950 0.74680
w27_c15_0016 27 15 0.45300 0.72960
w27_c15_0017 27 15 0.47590 0.78370
w27_c15_0018 27 15 0.46300 0.73700
w27_c15_0019 27 15 0.46380 0.75260
w27_c15_0020 27 15 0.47440 0.78670
w27_c15_0021 27 15 0.46490 0.74450
w27_c15_0022 27 15 0.46830 0.76140
w27_c15_0023 27 15 0.46640 0.74460
w27_c15_0024 27 15 0.47480 0.77430
w27_c15_0025 27 15 0.46930 0.74650
w27_c15_0026 27 15 0.46550 0.76070
w27_c15_0027 27 15 0.46880 0.74990
w27_c15_0028 27 15 0.47570 0.78390
w27_c15_0029 27 15 0.47560 0.78550
w27_c15_0030 27 15 0.47000 0.77430
w27_c15_0031 27 15 0.46100 0.71870
w27_c15_0032 27 15 0.46900 0.75470
w27_c15_0033 27 15 0.48520 0.77070
w27_c15_0034 27 15 0.47010 0.75290
w27_c15_0035 27 15 0.46830 0.76710
w27_c15_0036 27 15 0.47570 0.76580
w27_c15_0037 27 15 0.47320 0.75170
w27_c15_0038 27 15 0.45880 0.71950
w27_c15_0039 27 15 0.46870 0.75030
w27_c15_0040 27 15 0.46310 0.74670
w27_c15_0041 27 15 0.46520 0.74280
w27_c15_0042 27 15 0.45720 0.73590
w27_c15_0043 27 15 0.46040 0.73560
w27_c15_0044 27 15 0.46200 0.74040
w27_c15_0045 27 15 0.45730 0.74460
w27_c15_0046 27 15 0.45450 0.73430
w27_c15_0047 27 15 0.45760 0.72800
w27_c15_0048 27 15 0.46860 0.76340
w27_c15_0049 27 15 0.47400 0.77740
w27_c15_0050 27 15 0.46380 0.74780
w27_c20_0001 27 20 0.46080 0.73110
w27_c20_0002 27 20 0.45910 0.71810
w27_c20_0003 27 20 0.46710 0.76170
w27_c20_0004 27 20 0.46750 0.75470
w27_c20_0005 27 20 0.46450 0.73090
w27_c20_0006 27 20 0.45730 0.73800
w27_c20_0007 27 20 0.46830 0.74260
w27_c20_0008 27 20 0.46190 0.75590
w27_c20_0009 27 20 0.45750 0.73670
w27_c20_0010 27 20 0.45850 0.74660
w27_c20_0011 27 20 0.45620 0.72060
w27_c20_0012 27 20 0.45940 0.74150
w27_c20_0013 27 20 0.46620 0.76560
w27_c20_0014 27 20 0.46990 0.74810
w27_c20_0015 27 20 0.46590 0.74660
w27_c20_0016 27 20 0.46790 0.76290
w27_c20_0017 27 20 0.45970 0.72720
w27_c20_0018 27 20 0.47300 0.75850
w27_c20_0019 27 20 0.46920 0.75410
w27_c20_0020 27 20 0.45270 0.73350
w27_c20_0021 27 20 0.46690 0.75110
w27_c20_0022 27 20 0.45880 0.72550
w27_c20_0023 27 20 0.47240 0.76490
w27_c20_0024 27 20 0.45810 0.72720
w27_c20_0025 27 20 0.46490 0.73900
w27_c20_0026 27 20 0.46300 0.73720
w27_c20_0027 27 20 0.46970 0.76840
w27_c20_0028 27 20 0.46340 0.75600
w27_c20_0029 27 20 0.46390 0.74250
w27_c20_0030 27 20 0.46440 0.75240
w27_c20_0031 27 20 0.46470 0.76410
w27_c20_0032 27 20 0.45940 0.74840
w27_c20_0033 27 20 0.45650 0.72910
w27_c20_0034 27 20 0.46140 0.73850
w27_c20_0035 27 20 0.46770 0.75340
w27_c20_0036 27 20 0.45950 0.72890
w27_c20_0037 27 20 0.45670 0.73830
w27_c20_0038 27 20 0.45560 0.73060
w27_c20_0039 27 20 0.46760 0.75090
w27_c20_0040 27 20 0.46120 0.74630
w27_c20_0041 27 20 0.47090 0.76690
w27_c20_0042 27 20 0.47410 0.78080
w27_c20_0043 27 20 0.46330 0.75720
w27_c20_0044 27 20 0.47350 0.76090
w27_c20_0045 27 20 0.45560 0.73050
w27_c20_0046 27 20 0.46660 0.73840
w27_c20_0047 27 20 0.46480 0.74940
w27_c20_0048 27 20 0.47370 0.78090
w27_c20_0049 27 20 0.46100 0.73030
w27_c20_0050 27 20 0.47240 0.77000
w36_c05_0001 36 5 0.46430 0.72950
w36_c05_0002 36 5 0.46270 0.76210
w36_c05_0003 36 5 0.45330 0.71510
w36_c05_0004 36 5 0.45150 0.71290
w36_c05_0005 36 5 0.46250 0.74480
w36_c05_0006 36 5 0.45390 0.72750
w36_c05_0007 36 5 0.45680 0.71880
w36_c05_0008 36 5 0.45340 0.72160
w36_c05_0009 36 5 0.45380 0.72180
w36_c05_0010 36 5 0.44710 0.71770
w36_c05_0011 36 5 0.45120 0.72610
w36_c05_0012 36 5 0.46180 0.75590
w36_c05_0013 36 5 0.45150 0.72080
w36_c05_0014 36 5 0.45200 0.71920
w36_c05_0015 36 5 0.45890 0.75870
w36_c05_0016 36 5 0.46230 0.76210
w36_c05_0017 36 5 0.46330 0.75020
w36_c05_0018 36 5 0.45580 0.73350
w36_c05_0019 36 5 0.45770 0.73880
w36_c05_0020 36 5 0.45840 0.73150
w36_c05_0021 36 5 0.46020 0.76240
w36_c05_0022 36 5 0.46140 0.74200
w36_c05_0023 36 5 0.45020 0.72030
w36_c05_0024 36 5 0.45380 0.72840
w36_c05_0025 36 5 0.45170 0.71890
w36_c05_0026 36 5 0.45380 0.71420
w36_c05_0027 36 5 0.45290 0.72490
w36_c05_0028 36 5 0.45140 0.71480
w36_c05_0029 36 5 0.45350 0.73150
w36_c05_0030 36 5 0.45460 0.72260
w36_c05_0031 36 5 0.45490 0.73400
w36_c05_0032 36 5 0.45220 0.71930
w36_c05_0033 36 5 0.45560 0.72690
w36_c05_0034 36 5 0.46930 0.77330
w36_c05_0035 36 5 0.46440 0.75090
w36_c05_0036 36 5 0.44950 0.72390
w36_c05_0037 36 5 0.45460 0.73230
w36_c05_0038 36 5 0.44500 0.71470
w36_c05_0039 36 5 0.45910 0.70760
w36_c05_0040 36 5 0.45490 0.72940
w36_c05_0041 36 5 0.45080 0.70960
w36_c05_0042 36 5 0.45610 0.72940
w36_c05_0043 36 5 0.45380 0.73020
w36_c05_0044 36 5 0.44830 0.70810
w36_c05_0045 36 5 0.44670 0.71410
w36_c05_0046 36 5 0.45410 0.73630
w36_c05_0047 36 5 0.44800 0.69640
w36_c05_0048 36 5 0.45610 0.73250
w36_c05_0049 36 5 0.45480 0.75120
w36_c05_0050 36 5 0.45000 0.72280
w36_c10_0001 36 10 0.45520 0.73110
w36_c10_0002 36 10 0.45510 0.72160
w36_c10_0003 36 10 0.45140 0.71160
w36_c10_0004 36 10 0.45670 0.73750
w36_c10_0005 36 10 0.44700 0.69960
w36_c10_0006 36 10 0.45380 0.72160
w36_c10_0007 36 10 0.45220 0.73570
w36_c10_0008 36 10 0.45810 0.74250
w36_c10_0009 36 10 0.45830 0.73960
w36_c10_0010 36 10 0.45420 0.70420
w36_c10_0011 36 10 0.45180 0.70600
w36_c10_0012 36 10 0.45530 0.73350
w36_c10_0013 36 10 0.46650 0.75660
w36_c10_0014 36 10 0.45470 0.71470
w36_c10_0015 36 10 0.46510 0.74690
w36_c10_0016 36 10 0.44250 0.69430
w36_c10_0017 36 10 0.44960 0.71690
w36_c10_0018 36 10 0.45390 0.73460
w36_c10_0019 36 10 0.45600 0.73620
w36_c10_0020 36 10 0.46240 0.74470
w36_c10_0021 36 10 0.45500 0.72560
w36_c10_0022 36 10 0.45150 0.71860
w36_c10_0023 36 10 0.45540 0.73090
w36_c10_0024 36 10 0.45350 0.73120
w36_c10_0025 36 10 0.45290 0.72060
w36_c10_0026 36 10 0.44780 0.71970
w36_c10_0027 36 10 0.45540 0.73050
w36_c10_0028 36 10 0.45380 0.71910
w36_c10_0029 36 10 0.46780 0.76700
w36_c10_0030 36 10 0.45200 0.71800
w36_c10_0031 36 10 0.45310 0.70100
w36_c10_0032 36 10 0.45390 0.72630
w36_c10_0033 36 10 0.45650 0.74800
w36_c10_0034 36 10 0.44810 0.70100
w36_c10_0035 36 10 0.44170 0.69740
w36_c10_0036 36 10 0.45980 0.72010
w36_c10_0037 36 10 0.46830 0.76630
w36_c10_0038 36 10 0.45430 0.72410
w36_c10_0039 36 10 0.44970 0.70950
w36_c10_0040 36 10 0.46150 0.74710
w36_c10_0041 36 10 0.44800 0.71890
w36_c10_0042 36 10 0.45430 0.72200
w36_c10_0043 36 10 0.45050 0.72370
w36_c10_0044 36 10 0.45830 0.74720
w36_c10_0045 36 10 0.46160 0.74380
w36_c10_0046 36 10 0.46980 0.77030
w36_c10_0047 36 10 0.44960 0.70960
w36_c10_0048 36 10 0.46960 0.74940
w36_c10_0049 36 10 0.45560 0.71780
w36_c10_0050 36 10 0.45000 0.71550
w36_c15_0001 36 15 0.46150 0.74620
w36_c15_0002 36 15 0.44810 0.70330
w36_c15_0003 36 15 0.45270 0.70970
w36_c15_0004 36 15 0.45840 0.73720
w36_c15_0005 36 15 0.45500 0.72920
w36_c15_0006 36 15 0.46570 0.75750
w36_c15_0007 36 15 0.44880 0.70850
w36_c15_0008 36 15 0.44780 0.70810
w36_c15_0009 36 15 0.45680 0.73070
w36_c15_0010 36 15 0.45020 0.71460
w36_c15_0011 36 15 0.46290 0.75120
w36_c15_0012 36 15 0.45670 0.74190
w36_c15_0013 36 15 0.46970 0.75340
w36_c15_0014 36 15 0.45270 0.73140
w36_c15_0015 36 15 0.46080 0.74310
w36_c15_0016 36 15 0.45960 0.74080
w36_c15_0017 36 15 0.44980 0.71830
w36_c15_0018 36 15 0.44780 0.71370
w36_c15_0019 36 15 0.44800 0.70290
w36_c15_0020 36 15 0.45660 0.73800
w36_c15_0021 36 15 0.45270 0.71530
w36_c15_0022 36 15 0.45110 0.71780
w36_c15_0023 36 15 0.45240 0.72520
w36_c15_0024 36 15 0.45180 0.71180
w36_c15_0025 36 15 0.45030 0.70500
w36_c15_0026 36 15 0.45350 0.72950
w36_c15_0027 36 15 0.45470 0.72800
w36_c15_0028 36 15 0.44350 0.69460
w36_c15_0029 36 15 0.44780 0.69570
w36_c15_0030 36 15 0.45890 0.74690
w36_c15_0031 36 15 0.46160 0.73830
w36_c15_0032 36 15 0.45720 0.71490
w36_c15_0033 36 15 0.45660 0.73070
w36_c15_0034 36 15 0.45070 0.70580
w36_c15_0035 36 15 0.45800 0.73120
w36_c15_0036 36 15 0.44940 0.71520
w36_c15_0037 36 15 0.44530 0.70570
w36_c15_0038 36 15 0.47010 0.77430
w36_c15_0039 36 15 0.45610 0.72130
w36_c15_0040 36 15 0.46050 0.72770
w36_c15_0041 36 15 0.44840 0.70800
w36_c15_0042 36 15 0.45850 0.71990
w36_c15_0043 36 15 0.46760 0.74200
w36_c15_0044 36 15 0.44710 0.70280
w36_c15_0045 36 15 0.45240 0.72690
w36_c15_0046 36 15 0.45990 0.73350
w36_c15_0047 36 15 0.46290 0.71480
w36_c15_0048 36 15 0.44950 0.71300
w36_c15_0049 36 15 0.44930 0.70010
w36_c15_0050 36 15 0.44800 0.72360
w36_c20_0001 36 20 0.45040 0.69870
w36_c20_0002 36 20 0.45640 0.72450
w36_c20_0003 36 20 0.45190 0.71150
w36_c20_0004 36 20 0.44340 0.69480
w36_c20_0005 36 20 0.45530 0.72840
w36_c20_0006 36 20 0.46720 0.74550
w36_c20_0007 36 20 0.44840 0.70220
w36_c20_0008 36 20 0.45150 0.71010
w36_c20_0009 36 20 0.45890 0.71780
w36_c20_0010 36 20 0.45380 0.72190
w36_c20_0011 36 20 0.46820 0.77130
w36_c20_0012 36 20 0.44960 0.71570
w36_c20_0013 36 20 0.45480 0.72910
w36_c20_0014 36 20 0.45780 0.74270
w36_c20_0015 36 20 0.45690 0.72680
w36_c20_0016 36 20 0.45810 0.71150
w36_c20_0017 36 20 0.45520 0.71240
w36_c20_0018 36 20 0.45320 0.70480
w36_c20_0019 36 20 0.46250 0.72040
w36_c20_0020 36 20 0.45330 0.72080
w36_c20_0021 36 20 0.45100 0.72440
w36_c20_0022 36 20 0.45420 0.71110
w36_c20_0023 36 20 0.45060 0.71500
w36_c20_0024 36 20 0.45050 0.71390
w36_c20_0025 36 20 0.45550 0.70740
w36_c20_0026 36 20 0.45520 0.71180
w36_c20_0027 36 20 0.44910 0.71410
w36_c20_0028 36 20 0.45360 0.71050
w36_c20_0029 36 20 0.45430 0.72700
w36_c20_0030 36 20 0.45900 0.74130
w36_c20_0031 36 20 0.45450 0.71720
w36_c20_0032 36 20 0.45370 0.71950
w36_c20_0033 36 20 0.47290 0.77220
w36_c20_0034 36 20 0.46050 0.72110
w36_c20_0035 36 20 0.45670 0.69810
w36_c20_0036 36 20 0.45570 0.72020
w36_c20_0037 36 20 0.46850 0.74840
w36_c20_0038 36 20 0.45230 0.70000
w36_c20_0039 36 20 0.45810 0.73640
w36_c20_0040 36 20 0.44750 0.71180
w36_c20_0041 36 20 0.45080 0.72280
w36_c20_0042 36 20 0.45900 0.73370
w36_c20_0043 36 20 0.45280 0.70180
w36_c20_0044 36 20 0.45730 0.71440
w36_c20_0045 36 20 0.45730 0.73720
w36_c20_0046 36 20 0.46450 0.75280
w36_c20_0047 36 20 0.44490 0.71070
w36_c20_0048 36 20 0.47110 0.75180
w36_c20_0049 36 20 0.45530 0.72820
w36_c20_0050 36 20 0.45240 0.71740
w54_c05_0001 54 5 0.44540 0.71460
w54_c05_0002 54 5 0.44360 0.70460
w54_c05_0003 54 5 0.44440 0.69740
w54_c05_0004 54 5 0.44790 0.72320
w54_c05_0005 54 5 0.44830 0.72530
w54_c05_0006 54 5 0.44100 0.69200
w54_c05_0007 54 5 0.45290 0.72400
w54_c05_0008 54 5 0.45240 0.71850
w54_c05_0009 54 5 0.45310 0.73260
w54_c05_0010 54 5 0.46280 0.75370
w54_c05_0011 54 5 0.45410 0.73980
w54_c05_0012 54 5 0.44600 0.69170
w54_c05_0013 54 5 0.45910 0.73990
w54_c05_0014 54 5 0.44080 0.69490
w54_c05_0015 54 5 0.44260 0.70720
w54_c05_0016 54 5 0.45270 0.70370
w54_c05_0017 54 5 0.44550 0.71290
w54_c05_0018 54 5 0.47380 0.77600
w54_c05_0019 54 5 0.44670 0.69700
w54_c05_0020 54 5 0.46350 0.76170
w54_c05_0021 54 5 0.44090 0.70540
w54_c05_0022 54 5 0.44830 0.69240
w54_c05_0023 54 5 0.44240 0.69020
w54_c05_0024 54 5 0.45150 0.72660
w54_c05_0025 54 5 0.44130 0.69790
w54_c05_0026 54 5 0.44470 0.71460
w54_c05_0027 54 5 0.44910 0.72000
w54_c05_0028 54 5 0.45060 0.70210
w54_c05_0029 54 5 0.44870 0.68180
w54_c05_0030 54 5 0.45110 0.72240
w54_c05_0031 54 5 0.45180 0.73600
w54_c05_0032 54 5 0.45430 0.74060
w54_c05_0033 54 5 0.45440 0.73480
w54_c05_0034 54 5 0.44200 0.70750
w54_c05_0035 54 5 0.45310 0.72450
w54_c05_0036 54 5 0.43750 0.68420
w54_c05_0037 54 5 0.43820 0.67990
w54_c05_0038 54 5 0.44900 0.68870
w54_c05_0039 54 5 0.45410 0.70340
w54_c05_0040 54 5 0.45520 0.72420
w54_c05_0041 54 5 0.44080 0.70080
w54_c05_0042 54 5 0.44250 0.70090
w54_c05_0043 54 5 0.45010 0.71850
w54_c05_0044 54 5 0.44380 0.69020
w54_c05_0045 54 5 0.45970 0.71230
w54_c05_0046 54 5 0.44310 0.71660
w54_c05_0047 54 5 0.44320 0.70630
w54_c05_0048 54 5 0.44720 0.70590
w54_c05_0049 54 5 0.45010 0.71690
w54_c05_0050 54 5 0.44650 0.71710
w54_c10_0001 54 10 0.43870 0.67350
w54_c10_0002 54 10 0.45560 0.71640
w54_c10_0003 54 10 0.44820 0.70550
w54_c10_0004 54 10 0.47180 0.78130
w54_c10_0005 54 10 0.45770 0.72670
w54_c10_0006 54 10 0.45480 0.73860
w54_c10_0007 54 10 0.45420 0.73370
w54_c10_0008 54 10 0.44170 0.68770
w54_c10_0009 54 10 0.45180 0.72060
w54_c10_0010 54 10 0.44440 0.70650
w54_c10_0011 54 10 0.44900 0.72170
w54_c10_0012 54 10 0.45030 0.71650
w54_c10_0013 54 10 0.45050 0.71180
w54_c10_0014 54 10 0.44190 0.70060
w54_c10_0015 54 10 0.45650 0.72540
w54_c10_0016 54 10 0.44790 0.71410
w54_c10_0017 54 10 0.43650 0.68980
w54_c10_0018 54 10 0.45320 0.70350
w54_c10_0019 54 10 0.44480 0.69240
w54_c10_0020 54 10 0.44420 0.71220
w54_c10_0021 54 10 0.45690 0.74640
w54_c10_0022 54 10 0.44310 0.69260
w54_c10_0023 54 10 0.45340 0.72770
w54_c10_0024 54 10 0.44350 0.70170
w54_c10_0025 54 10 0.45490 0.74100
w54_c10_0026 54 10 0.45040 0.72290
w54_c10_0027 54 10 0.44620 0.71930
w54_c10_0028 54 10 0.44720 0.71020
w54_c10_0029 54 10 0.45420 0.72710
w54_c10_0030 54 10 0.44740 0.70410
w54_c10_0031 54 10 0.44730 0.68750
w54_c10_0032 54 10 0.45540 0.72810
w54_c10_0033 54 10 0.45540 0.75360
w54_c10_0034 54 10 0.45050 0.72470
w54_c10_0035 54 10 0.44990 0.72010
w54_c10_0036 54 10 0.44840 0.70530
w54_c10_0037 54 10 0.44770 0.72010
w54_c10_0038 54 10 0.44790 0.70820
w54_c10_0039 54 10 0.44290 0.67470
w54_c10_0040 54 10 0.44650 0.71210
w54_c10_0041 54 10 0.44120 0.68590
w54_c10_0042 54 10 0.45880 0.74190
w54_c10_0043 54 10 0.44930 0.69620
w54_c10_0044 54 10 0.45240 0.72190
w54_c10_0045 54 10 0.44010 0.70970
w54_c10_0046 54 10 0.45080 0.70890
w54_c10_0047 54 10 0.44690 0.70750
w54_c10_0048 54 10 0.44540 0.69950
w54_c10_0049 54 10 0.44180 0.70060
w54_c10_0050 54 10 0.45030 0.69810
w54_c15_0001 54 15 0.43950 0.67390
w54_c15_0002 54 15 0.45510 0.72930
w54_c15_0003 54 15 0.45130 0.72300
w54_c15_0004 54 15 0.44560 0.71720
w54_c15_0005 54 15 0.44780 0.71900
w54_c15_0006 54 15 0.45430 0.71800
w54_c15_0007 54 15 0.44910 0.70970
w54_c15_0008 54 15 0.44900 0.72020
w54_c15_0009 54 15 0.44920 0.71940
w54_c15_0010 54 15 0.44000 0.69100
w54_c15_0011 54 15 0.43840 0.67950
w54_c15_0012 54 15 0.44440 0.72830
w54_c15_0013 54 15 0.44720 0.68360
w54_c15_0014 54 15 0.45230 0.72500
w54_c15_0015 54 15 0.45890 0.74540
w54_c15_0016 54 15 0.43200 0.67680
w54_c15_0017 54 15 0.43800 0.69060
w54_c15_0018 54 15 0.43980 0.69320
w54_c15_0019 54 15 0.44720 0.70800
w54_c15_0020 54 15 0.45430 0.73100
w54_c15_0021 54 15 0.45080 0.72170
w54_c15_0022 54 15 0.43780 0.69690
w54_c15_0023 54 15 0.44330 0.69810
w54_c15_0024 54 15 0.44480 0.68550
w54_c15_0025 54 15 0.44410 0.68460
w54_c15_0026 54 15 0.44840 0.70300
w54_c15_0027 54 15 0.45760 0.71990
w54_c15_0028 54 15 0.44410 0.69090
w54_c15_0029 54 15 0.44690 0.69620
w54_c15_0030 54 15 0.45510 0.72730
w54_c15_0031 54 15 0.45070 0.69690
w54_c15_0032 54 15 0.45210 0.69800
w54_c15_0033 54 15 0.43820 0.69290
w54_c15_0034 54 15 0.43520 0.68270
w54_c15_0035 54 15 0.45640 0.71490
w54_c15_0036 54 15 0.44140 0.71010
w54_c15_0037 54 15 0.44740 0.70480
w54_c15_0038 54 15 0.45050 0.72490
w54_c15_0039 54 15 0.44090 0.69180
w54_c15_0040 54 15 0.43920 0.70580
w54_c15_0041 54 15 0.43260 0.66660
w54_c15_0042 54 15 0.44420 0.70100
w54_c15_0043 54 15 0.44390 0.69710
w54_c15_0044 54 15 0.43890 0.70270
w54_c15_0045 54 15 0.45270 0.72560
w54_c15_0046 54 15 0.44380 0.69500
w54_c15_0047 54 15 0.45940 0.73880
w54_c15_0048 54 15 0.44850 0.70960
w54_c15_0049 54 15 0.44730 0.70330
w54_c15_0050 54 15 0.45040 0.71740
w54_c20_0001 54 20 0.44190 0.69880
w54_c20_0002 54 20 0.45030 0.69470
w54_c20_0003 54 20 0.44210 0.70060
w54_c20_0004 54 20 0.44380 0.70400
w54_c20_0005 54 20 0.45010 0.70950
w54_c20_0006 54 20 0.44340 0.69080
w54_c20_0007 54 20 0.44460 0.66500
w54_c20_0008 54 20 0.45390 0.71000
w54_c20_0009 54 20 0.45510 0.70200
w54_c20_0010 54 20 0.44890 0.70020
w54_c20_0011 54 20 0.44630 0.68900
w54_c20_0012 54 20 0.44460 0.70550
w54_c20_0013 54 20 0.44140 0.68440
w54_c20_0014 54 20 0.45340 0.71920
w54_c20_0015 54 20 0.44800 0.69530
w54_c20_0016 54 20 0.44330 0.70230
w54_c20_0017 54 20 0.43930 0.68390
w54_c20_0018 54 20 0.45290 0.71340
w54_c20_0019 54 20 0.44890 0.70600
w54_c20_0020 54 20 0.44950 0.70220
w54_c20_0021 54 20 0.44420 0.69550
w54_c20_0022 54 20 0.44810 0.68160
w54_c20_0023 54 20 0.44570 0.69540
w54_c20_0024 54 20 0.45060 0.71330
w54_c20_0025 54 20 0.44420 0.69030
w54_c20_0026 54 20 0.44090 0.67160
w54_c20_0027 54 20 0.43950 0.67170
w54_c20_0028 54 20 0.44700 0.70490
w54_c20_0029 54 20 0.43600 0.68400
w54_c20_0030 54 20 0.44540 0.71200
w54_c20_0031 54 20 0.45100 0.72610
w54_c20_0032 54 20 0.43880 0.68100
w54_c20_0033 54 20 0.45100 0.72700
w54_c20_0034 54 20 0.45080 0.71190
w54_c20_0035 54 20 0.45250 0.70850
w54_c20_0036 54 20 0.45310 0.72810
w54_c20_0037 54 20 0.44390 0.69320
w54_c20_0038 54 20 0.44600 0.70170
w54_c20_0039 54 20 0.44020 0.69020
w54_c20_0040 54 20 0.44600 0.69050
w54_c20_0041 54 20 0.44660 0.70900
w54_c20_0042 54 20 0.46160 0.73830
w54_c20_0043 54 20 0.44260 0.69280
w54_c20_0044 54 20 0.43960 0.66170
w54_c20_0045 54 20 0.44550 0.70230
w54_c20_0046 54 20 0.44580 0.70970
w54_c20_0047 54 20 0.45000 0.72070
w54_c20_0048 54 20 0.44600 0.70110
w54_c20_0049 54 20 0.44330 0.68200
w54_c20_0050 54 20 0.45090 0.69940
